//17
0101011110100101111111110010000001010000001010000110100000110010
6315734566705850418
01010111
10100101
11111111
00100000
01010000
00101000
01101000
00110010



00000111
10100101
11111111
00100000
01010000
00101000
01101000
00111111

0000011110100101111111110010000001010000001010000110100000111111
551127043671615551


//32
1241483495347235
00000000
00000100
01101001
00011111
01100110
10111100
00010100
00100011
45

34589903

00000000
00000000
00000000
00000000
00000010
00001111
11001100
11001111

1

0 == 1 != истина

